 x, y, z, yaw
-5.7108, 66.8230, 0.0018, -1.7294
-5.7968, 66.2860, 0.0014, -1.7299
-5.8856, 65.7328, 0.0014, -1.7299
-6.0007, 65.0153, 0.0014, -1.7299
-6.0894, 64.4626, 0.0014, -1.7299
-6.1913, 63.7685, 0.0015, -1.7221
-6.2126, 63.0143, 0.0017, -1.6594
-6.2231, 62.1960, 0.0016, -1.6241
-6.2641, 61.3350, 0.0016, -1.6222
-6.3180, 60.2834, 0.0015, -1.6222
-6.3737, 59.3819, 0.0015, -1.6304
-6.4410, 58.8489, 0.0016, -1.6601
-6.5392, 58.2433, 0.0016, -1.6956
-6.6286, 57.6806, 0.0015, -1.7113
-6.7140, 57.1055, 0.0015, -1.7150
-6.7979, 56.5334, 0.0015, -1.7159
-6.9048, 55.8040, 0.0015, -1.7162
-6.9972, 55.1734, 0.0015, -1.7162
-7.0943, 54.5103, 0.0015, -1.7162
-7.1757, 53.9549, 0.0015, -1.7162
-7.2779, 53.2568, 0.0015, -1.7162
-7.3769, 52.4934, 0.0016, -1.7051
-7.4340, 51.7779, 0.0016, -1.6700
-7.4661, 51.0209, 0.0016, -1.6284
-7.4887, 50.3211, 0.0016, -1.6054
-7.5152, 49.4689, 0.0016, -1.5957
-7.5372, 48.6530, 0.0016, -1.5930
-7.5585, 47.7639, 0.0016, -1.5920
-7.5760, 46.9806, 0.0016, -1.5918
-7.5986, 45.9276, 0.0016, -1.5917
-7.6174, 45.0361, 0.0016, -1.5916
-7.6479, 44.1417, 0.0016, -1.6020
-7.7096, 43.3134, 0.0016, -1.6362
-7.8274, 42.3302, 0.0016, -1.6920
-7.9526, 41.4634, 0.0016, -1.7279
-8.1096, 40.4594, 0.0016, -1.7468
-8.2529, 39.6046, 0.0016, -1.7531
-8.4520, 38.4788, 0.0016, -1.7563
-8.6344, 37.4812, 0.0016, -1.7573
-8.8245, 36.4582, 0.0016, -1.7577
-9.0194, 35.4189, 0.0016, -1.7579
-9.1969, 34.4770, 0.0016, -1.7579
-9.3746, 33.5360, 0.0016, -1.7579
-9.5941, 32.3751, 0.0016, -1.7580
-9.7888, 31.3466, 0.0016, -1.7580
-10.0020, 30.2207, 0.0016, -1.7580
-10.2063, 29.1413, 0.0016, -1.7580
-10.4015, 28.1107, 0.0017, -1.7580
-10.5900, 27.1156, 0.0018, -1.7580
-10.8209, 25.8965, 0.0019, -1.7580
-11.0137, 24.8784, 0.0019, -1.7580
-11.1808, 24.0329, 0.0020, -1.7642
-11.4510, 22.8775, 0.0021, -1.8040
-11.6993, 22.0338, 0.0022, -1.8610
-12.0182, 21.1543, 0.0022, -1.9389
-12.3670, 20.3390, 0.0022, -2.0106
-12.7486, 19.5421, 0.0022, -2.0632
-13.1538, 18.7540, 0.0022, -2.0902
-13.5711, 17.9869, 0.0022, -2.1008
-13.9592, 17.3013, 0.0022, -2.1046
-14.3736, 16.5862, 0.0022, -2.1061
-14.7863, 15.8834, 0.0022, -2.1066
-15.1429, 15.2799, 0.0022, -2.1068
-15.4564, 14.7511, 0.0022, -2.1069
-15.8200, 14.1385, 0.0022, -2.1069
-16.1802, 13.5319, 0.0022, -2.1069
-16.5665, 12.8819, 0.0022, -2.1069
-16.8577, 12.3918, 0.0022, -2.1069
-17.2141, 11.7920, 0.0021, -2.1069
-17.5016, 11.3081, 0.0020, -2.1069
-17.7923, 10.8188, 0.0020, -2.1069
-18.0682, 10.3546, 0.0019, -2.1069
-18.3964, 9.8023, 0.0018, -2.1069
-18.6685, 9.3316, 0.0018, -2.1011
-19.0217, 8.6454, 0.0018, -2.0651
-19.2609, 8.0786, 0.0018, -2.0105
-19.4623, 7.4792, 0.0018, -1.9397
-19.6042, 6.9676, 0.0017, -1.8826
-19.7402, 6.4099, 0.0017, -1.8336
-19.8707, 5.8358, 0.0017, -1.8014
-19.9919, 5.2903, 0.0016, -1.7860
-20.1323, 4.6490, 0.0016, -1.7792
-20.2764, 3.9764, 0.0016, -1.7767
-20.4188, 3.3015, 0.0017, -1.7759
-20.5479, 2.6846, 0.0017, -1.7756
-20.7035, 1.9377, 0.0018, -1.7755
-20.8478, 1.2434, 0.0019, -1.7755
-20.9770, 0.5790, 0.0019, -1.7678
-21.0796, -0.1147, 0.0020, -1.7364
-21.1239, -0.6305, 0.0021, -1.6952
-21.1303, -1.1966, 0.0022, -1.6317
-20.9980, -2.2042, 0.0024, -1.4711
-20.7138, -2.9803, 0.0025, -1.2989
-20.2813, -3.6608, 0.0025, -1.1199
-19.7373, -4.3126, 0.0022, -0.9776
-19.2015, -4.9045, 0.0020, -0.9003
-18.6105, -5.5824, 0.0018, -0.8757
-18.2752, -6.0317, 0.0018, -0.9019
-17.8641, -6.7453, 0.0018, -0.9963
-17.6714, -7.2301, 0.0019, -1.0857
-17.4473, -8.1250, 0.0018, -1.2498
-17.3480, -8.7269, 0.0017, -1.3330
-17.2785, -9.2379, 0.0017, -1.3827
-17.2130, -9.7567, 0.0016, -1.4149
-17.1448, -10.2836, 0.0016, -1.4307
-17.0665, -10.8660, 0.0016, -1.4363
-16.9889, -11.4431, 0.0016, -1.4380
-16.9158, -11.9897, 0.0016, -1.4385
-16.8304, -12.5763, 0.0016, -1.4322
-16.7222, -13.1619, 0.0016, -1.4085
-16.5875, -13.7198, 0.0016, -1.3671
-16.4285, -14.2379, 0.0017, -1.3141
-16.1990, -14.8568, 0.0017, -1.2452
-15.9686, -15.4041, 0.0016, -1.1915
-15.7560, -15.8799, 0.0016, -1.1571
-15.4686, -16.5071, 0.0016, -1.1319
-15.1997, -17.1028, 0.0016, -1.1296
-14.9321, -17.7541, 0.0016, -1.1556
-14.6907, -18.4528, 0.0017, -1.2112
-14.5512, -18.9381, 0.0017, -1.2585
-14.3624, -19.7226, 0.0016, -1.3301
-14.2166, -20.4358, 0.0016, -1.3781
-14.0698, -21.2154, 0.0016, -1.4058
-13.9254, -22.0369, 0.0016, -1.4170
-13.8024, -22.7834, 0.0016, -1.4210
-13.6989, -23.4374, 0.0016, -1.4225
-13.5768, -24.2299, 0.0016, -1.4234
-13.4694, -24.9395, 0.0016, -1.4237
-13.3542, -25.6660, 0.0016, -1.4182
-13.2156, -26.4089, 0.0016, -1.3958
-13.0647, -27.0701, 0.0016, -1.3588
-12.8703, -27.7804, 0.0016, -1.3067
-12.6223, -28.5670, 0.0016, -1.2501
-12.3607, -29.3231, 0.0016, -1.2085
-12.0975, -30.0428, 0.0016, -1.1847
-11.7992, -30.8423, 0.0016, -1.1788
-11.5377, -31.5746, 0.0016, -1.1966
-11.3226, -32.2374, 0.0016, -1.2314
-11.1095, -32.9789, 0.0016, -1.2821
-10.8785, -33.8852, 0.0016, -1.3396
-10.6902, -34.7015, 0.0016, -1.3763
-10.5040, -35.5743, 0.0017, -1.3979
-10.3255, -36.4848, 0.0017, -1.4088
-10.1962, -37.1939, 0.0017, -1.4131
-10.0600, -37.9806, 0.0018, -1.4156
-9.9290, -38.7688, 0.0018, -1.4169
-9.8092, -39.5090, 0.0017, -1.4175
-9.6684, -40.3961, 0.0017, -1.4179
-9.5400, -41.2149, 0.0017, -1.4180
-9.4198, -41.9874, 0.0017, -1.4181
-9.2891, -42.8814, 0.0017, -1.4251
-9.1843, -43.7694, 0.0017, -1.4509
-9.1132, -44.7351, 0.0018, -1.5035
-9.0959, -45.6969, 0.0018, -1.5752
-9.1248, -46.5479, 0.0018, -1.6433
-9.1805, -47.2825, 0.0018, -1.6977
-9.2928, -48.3141, 0.0018, -1.7519
-9.4205, -49.2295, 0.0018, -1.7775
-9.5466, -49.9890, 0.0019, -1.7894
-9.6858, -50.7359, 0.0019, -1.7963
-9.8595, -51.5911, 0.0020, -1.8006
-10.0127, -52.3021, 0.0020, -1.8025
-10.1648, -53.0089, 0.0021, -1.7986
-10.3072, -53.7373, 0.0021, -1.7797
-10.4246, -54.4773, 0.0022, -1.7416
-10.5049, -55.1537, 0.0022, -1.6964
-10.5639, -55.8355, 0.0022, -1.6516
-10.6152, -56.6288, 0.0022, -1.6141
-10.6524, -57.3544, 0.0022, -1.5969
-10.6803, -58.0686, 0.0022, -1.5894
-10.7001, -58.7464, 0.0022, -1.5864
-10.7144, -59.3806, 0.0022, -1.5851
-10.7261, -60.0044, 0.0022, -1.5845
-10.7372, -60.6966, 0.0022, -1.5843
-10.7468, -61.3495, 0.0022, -1.5842
-10.7550, -61.9367, 0.0022, -1.5841
-10.7621, -62.4603, 0.0021, -1.5841
-10.7693, -62.9950, 0.0021, -1.5841
-10.7777, -63.6272, 0.0020, -1.5841
-10.7853, -64.1958, 0.0019, -1.5841
-10.7932, -64.7875, 0.0019, -1.5841
-10.8012, -65.3879, 0.0018, -1.5841
-10.8093, -65.9962, 0.0018, -1.5841
-10.8171, -66.5841, 0.0017, -1.5841
-10.8259, -67.2396, 0.0017, -1.5841
-10.8347, -67.9015, 0.0017, -1.5841
-10.8432, -68.5372, 0.0017, -1.5841
-10.8522, -69.2146, 0.0016, -1.5841
-10.8609, -69.8650, 0.0016, -1.5841
-10.8715, -70.6654, 0.0016, -1.5841
-10.8798, -71.2826, 0.0016, -1.5841
-10.8892, -71.9922, 0.0016, -1.5841
-10.8978, -72.6341, 0.0016, -1.5841
-10.9075, -73.3668, 0.0016, -1.5841
-10.9170, -74.0771, 0.0016, -1.5841
-10.9252, -74.6925, 0.0016, -1.5841
-10.9353, -75.4471, 0.0016, -1.5841
-10.9434, -76.0539, 0.0016, -1.5841
-10.9546, -76.8969, 0.0016, -1.5841
-10.9683, -77.9224, 0.0016, -1.5841
-10.9809, -78.8734, 0.0016, -1.5841
-10.9920, -79.7067, 0.0016, -1.5841
-11.0038, -80.5912, 0.0016, -1.5841
-11.0136, -81.3282, 0.0016, -1.5841
-11.0247, -82.1599, 0.0016, -1.5841
-11.0355, -82.9722, 0.0016, -1.5841
-11.0479, -83.9029, 0.0016, -1.5841
-11.0589, -84.7267, 0.0016, -1.5841
-11.0708, -85.6160, 0.0016, -1.5841
-11.0820, -86.4614, 0.0016, -1.5841
-11.0938, -87.3431, 0.0016, -1.5841
-11.1059, -88.2564, 0.0016, -1.5841
-11.1165, -89.0511, 0.0016, -1.5841
-11.1197, -90.1874, 0.0016, -1.5734
-11.1002, -91.2210, 0.0016, -1.5492
-11.0730, -92.1903, 0.0016, -1.5310
-11.0433, -93.0976, 0.0016, -1.5219
-11.0012, -94.1637, 0.0016, -1.5163
-10.9631, -95.0042, 0.0016, -1.5140
-10.9208, -95.8621, 0.0016, -1.5126
-10.8723, -96.7856, 0.0016, -1.5117
-10.8195, -97.7466, 0.0016, -1.5112
-10.7601, -98.7943, 0.0016, -1.5109
-10.7008, -99.8169, 0.0016, -1.5108
-10.6503, -100.6777, 0.0016, -1.5107
-10.5866, -101.7527, 0.0016, -1.5106
-10.5230, -102.8085, 0.0021, -1.5106
-10.4585, -103.8961, 0.0018, -1.5106
-10.3943, -104.9668, 0.0017, -1.5105
-10.3514, -105.6755, 0.0020, -1.5105
-10.2835, -106.8062, 0.0019, -1.5105
-10.2177, -107.8983, 0.0017, -1.5105
-10.1525, -108.9801, 0.0016, -1.5105
-10.0975, -109.8904, 0.0016, -1.5105
-10.0307, -110.9991, 0.0016, -1.5105
-9.9617, -112.1411, 0.0016, -1.5105
-9.9025, -113.1227, 0.0016, -1.5105
-9.8369, -114.2098, 0.0016, -1.5105
-9.7739, -115.2551, 0.0016, -1.5105
-9.7099, -116.3162, 0.0016, -1.5105
-9.6420, -117.4413, 0.0016, -1.5105
-9.5647, -118.7230, 0.0016, -1.5105
-9.5012, -119.7741, 0.0016, -1.5105
-9.4388, -120.8083, 0.0016, -1.5105
-9.3712, -121.9299, 0.0016, -1.5105
-9.2993, -123.1216, 0.0016, -1.5105
-9.2300, -124.2693, 0.0016, -1.5105
-9.1532, -125.5428, 0.0016, -1.5105
-9.0988, -126.4450, 0.0016, -1.5105
-9.0340, -127.5181, 0.0016, -1.5105
-8.9655, -128.6541, 0.0016, -1.5105
-8.8932, -129.8520, 0.0016, -1.5105
-8.8270, -130.9487, 0.0016, -1.5105
-8.7427, -132.3462, 0.0016, -1.5105
-8.6815, -133.3598, 0.0016, -1.5105
-8.5984, -134.7380, 0.0016, -1.5105
-8.5303, -135.8665, 0.0016, -1.5105
-8.4608, -137.0185, 0.0016, -1.5105
-8.3885, -138.2155, 0.0016, -1.5105
-8.3150, -139.4335, 0.0016, -1.5105
-8.2365, -140.7345, 0.0016, -1.5105
-8.1677, -141.8755, 0.0016, -1.5105
-8.0997, -143.0998, 0.0016, -1.5160
-8.0555, -144.1844, 0.0016, -1.5340
-8.0338, -145.4484, 0.0017, -1.5741
-8.0508, -146.6513, 0.0017, -1.6292
-8.1160, -147.9550, 0.0017, -1.6995
-8.2152, -149.1027, 0.0017, -1.7628
-8.3772, -150.4388, 0.0018, -1.8279
-8.5835, -151.7489, 0.0018, -1.8773
-8.7986, -152.8628, 0.0018, -1.9098
-9.0329, -153.8998, 0.0019, -1.9340
-9.3299, -155.0449, 0.0019, -1.9552
-9.6737, -156.2143, 0.0020, -1.9718
-10.0252, -157.3111, 0.0020, -1.9781
-10.3567, -158.3232, 0.0021, -1.9643
-10.7541, -159.5827, 0.0022, -1.9146
-11.0535, -160.6211, 0.0022, -1.8525
-11.2916, -161.5403, 0.0022, -1.7915
-11.5237, -162.5610, 0.0022, -1.7251
-11.7020, -163.4705, 0.0022, -1.6736
-11.8744, -164.4937, 0.0022, -1.6303
-12.0057, -165.4417, 0.0022, -1.6024
-12.1092, -166.3978, 0.0022, -1.5826
-12.1802, -167.2842, 0.0023, -1.5699
-12.2274, -168.1100, 0.0023, -1.5617
-12.2607, -168.9995, 0.0023, -1.5556
-12.2798, -169.9913, 0.0023, -1.5513
-12.2845, -170.7072, 0.0023, -1.5492
-12.2827, -171.4960, 0.0023, -1.5477
-12.2747, -172.3458, 0.0023, -1.5467
-12.2625, -173.1717, 0.0023, -1.5460
-12.2470, -174.0028, 0.0023, -1.5456
-12.2324, -174.6952, 0.0023, -1.5454
-12.2168, -175.3867, 0.0023, -1.5453
-12.2015, -176.0315, 0.0023, -1.5452
-12.1849, -176.7091, 0.0023, -1.5451
-12.1683, -177.3790, 0.0024, -1.5451
-12.1536, -177.9620, 0.0025, -1.5450
-12.1403, -178.4872, 0.0026, -1.5450
-12.1259, -179.0526, 0.0027, -1.5450
-12.1123, -179.5816, 0.0027, -1.5450
-12.0906, -180.4254, 0.0027, -1.5450
-12.0679, -181.3031, 0.0026, -1.5449
-12.0484, -182.0558, 0.0026, -1.5449
-12.0308, -182.7356, 0.0026, -1.5449
-12.0166, -183.2848, 0.0026, -1.5450
-11.9989, -183.9706, 0.0024, -1.5450
-11.9838, -184.5532, 0.0021, -1.5450
-11.9699, -185.0935, 0.0019, -1.5450
-11.9557, -185.6409, 0.0019, -1.5450
-11.9371, -186.1974, 0.0018, -1.5414
-11.8198, -186.7862, 0.0019, -1.4729
-11.6212, -187.3290, 0.0018, -1.3857
-11.4768, -187.8802, 0.0016, -1.3640
-11.3567, -188.4501, 0.0015, -1.3639
-11.2270, -189.0474, 0.0015, -1.3602
-11.0153, -189.6621, 0.0015, -1.3038
-10.7232, -190.2984, 0.0017, -1.2317
-10.4966, -190.8352, 0.0016, -1.2107
-10.2370, -191.5122, 0.0016, -1.2091
-10.0184, -192.0889, 0.0016, -1.2090
-9.7909, -192.6763, 0.0015, -1.2047
-9.5213, -193.2559, 0.0016, -1.1691
-9.1575, -193.8484, 0.0016, -1.0877
-8.7167, -194.4128, 0.0016, -0.9889
-8.2105, -194.9970, 0.0016, -0.9119
-7.6757, -195.6063, 0.0016, -0.8743
-7.1325, -196.2358, 0.0016, -0.8633
-6.5181, -196.8719, 0.0016, -0.8197
-5.9532, -197.3633, 0.0016, -0.7530
-5.2831, -197.8908, 0.0016, -0.6891
-4.5711, -198.4430, 0.0016, -0.6617
-3.7749, -199.0597, 0.0016, -0.6554
-3.0329, -199.6311, 0.0016, -0.6543
-2.1812, -200.2557, 0.0016, -0.6344
-1.7399, -200.5449, 0.0016, -0.6054
-1.2450, -200.8337, 0.0016, -0.5586
-0.7897, -201.0630, 0.0017, -0.5042
-0.2540, -201.2908, 0.0017, -0.4324
0.3327, -201.4962, 0.0017, -0.3543
1.3137, -201.7642, 0.0017, -0.2461
1.8911, -201.8939, 0.0016, -0.2038
2.5234, -202.0238, 0.0016, -0.1766
3.1986, -202.1528, 0.0016, -0.1634
3.7964, -202.2595, 0.0016, -0.1582
4.3913, -202.3606, 0.0016, -0.1556
5.1031, -202.4773, 0.0016, -0.1542
5.7146, -202.5752, 0.0016, -0.1536
6.5406, -202.7054, 0.0016, -0.1533
7.1341, -202.7980, 0.0016, -0.1532
7.8370, -202.9072, 0.0016, -0.1531
8.7119, -203.0427, 0.0016, -0.1531
9.5115, -203.1663, 0.0016, -0.1530
10.2733, -203.2839, 0.0016, -0.1530
10.9071, -203.3817, 0.0016, -0.1530
11.6811, -203.5011, 0.0016, -0.1530
12.4231, -203.6155, 0.0016, -0.1530
13.2933, -203.7497, 0.0016, -0.1530
14.0724, -203.8699, 0.0016, -0.1530
14.9067, -203.9985, 0.0016, -0.1530
15.6085, -204.1068, 0.0016, -0.1530
16.3821, -204.2261, 0.0016, -0.1530
17.3084, -204.3689, 0.0016, -0.1530
18.0940, -204.4901, 0.0016, -0.1530
18.9857, -204.6276, 0.0016, -0.1530
19.8251, -204.7513, 0.0016, -0.1477
20.7134, -204.8609, 0.0016, -0.1254
21.5921, -204.9400, 0.0016, -0.0865
22.3663, -204.9872, 0.0016, -0.0472
23.2779, -205.0251, 0.0016, -0.0093
24.2074, -205.0501, 0.0016, 0.0140
25.0403, -205.0601, 0.0016, 0.0259
25.9366, -205.0587, 0.0019, 0.0334
26.8706, -205.0463, 0.0024, 0.0378
27.7710, -205.0263, 0.0031, 0.0402
28.7410, -204.9983, 0.0040, 0.0417
29.6667, -204.9672, 0.0058, 0.0425
30.5435, -204.9349, 0.0082, 0.0429
31.5185, -204.8969, 0.0110, 0.0432
32.4078, -204.8609, 0.0141, 0.0434
33.4175, -204.8190, 0.0189, 0.0435
34.4625, -204.7748, 0.0248, 0.0435
35.3011, -204.7389, 0.0297, 0.0435
36.2729, -204.6971, 0.0360, 0.0436
37.2416, -204.6553, 0.0435, 0.0436
38.3278, -204.6081, 0.0529, 0.0436
39.2211, -204.5693, 0.0607, 0.0436
40.3168, -204.5216, 0.0712, 0.0436
41.4819, -204.4708, 0.0840, 0.0436
42.4931, -204.4267, 0.0956, 0.0436
43.5465, -204.3869, 0.1081, 0.0379
44.5722, -204.3682, 0.1216, 0.0162
45.7150, -204.3792, 0.1377, -0.0259
46.7794, -204.4178, 0.1530, -0.0705
47.8702, -204.4810, 0.1697, -0.1091
48.9595, -204.5643, 0.1878, -0.1351
50.0324, -204.6665, 0.2062, -0.1513
51.0478, -204.7813, 0.2241, -0.1612
52.0228, -204.9062, 0.2423, -0.1672
53.0375, -205.0492, 0.2624, -0.1714
53.9567, -205.1880, 0.2808, -0.1738
54.9427, -205.3445, 0.3010, -0.1755
55.8414, -205.4870, 0.3203, -0.1714
56.7920, -205.6227, 0.3413, -0.1512
57.7283, -205.7292, 0.3620, -0.1121
58.4930, -205.7925, 0.3790, -0.0705
59.4510, -205.8446, 0.4007, -0.0182
60.5078, -205.8769, 0.4246, 0.0236
61.3009, -205.8858, 0.4426, 0.0418
62.0929, -205.8806, 0.4604, 0.0530
62.9527, -205.8605, 0.4797, 0.0602
63.7328, -205.8317, 0.4972, 0.0639
64.4187, -205.7997, 0.5126, 0.0659
65.1771, -205.7590, 0.5295, 0.0672
65.9255, -205.7148, 0.5462, 0.0679
66.5989, -205.6727, 0.5612, 0.0682
67.3413, -205.6245, 0.5778, 0.0685
68.0381, -205.5780, 0.5933, 0.0686
68.7758, -205.5282, 0.6097, 0.0687
69.4977, -205.4789, 0.6258, 0.0687
70.2092, -205.4301, 0.6416, 0.0687
70.9258, -205.3808, 0.6575, 0.0687
71.5130, -205.3403, 0.6706, 0.0687
72.1229, -205.2983, 0.6842, 0.0687
72.7275, -205.2566, 0.6976, 0.0687
73.3659, -205.2126, 0.7118, 0.0687
74.0627, -205.1646, 0.7272, 0.0687
74.7990, -205.1138, 0.7435, 0.0687
75.3616, -205.0750, 0.7560, 0.0687
76.1401, -205.0213, 0.7732, 0.0687
76.6575, -204.9856, 0.7847, 0.0687
77.2293, -204.9462, 0.7974, 0.0687
77.7864, -204.9078, 0.8097, 0.0687
78.3708, -204.8675, 0.8227, 0.0687
78.9854, -204.8251, 0.8364, 0.0687
79.5933, -204.7832, 0.8499, 0.0687
80.1728, -204.7432, 0.8629, 0.0687
80.7521, -204.7033, 0.8758, 0.0687
81.2909, -204.6661, 0.8879, 0.0687
81.9055, -204.6237, 0.9016, 0.0687
82.5263, -204.5810, 0.9154, 0.0687
83.1122, -204.5406, 0.9285, 0.0687
83.6351, -204.5045, 0.9402, 0.0687
84.2346, -204.4632, 0.9535, 0.0687
85.2353, -204.3942, 0.9758, 0.0687
85.7732, -204.3571, 0.9878, 0.0687
86.2912, -204.3214, 0.9994, 0.0687
87.1885, -204.2595, 1.0193, 0.0687
88.0911, -204.1973, 1.0394, 0.0687
88.9809, -204.1359, 1.0592, 0.0687
89.5239, -204.0985, 1.0713, 0.0687
90.3338, -204.0426, 1.0893, 0.0687
91.0645, -203.9923, 1.1056, 0.0687
91.7574, -203.9445, 1.1210, 0.0687
92.4223, -203.8987, 1.1358, 0.0687
92.9882, -203.8596, 1.1483, 0.0687
93.6225, -203.8159, 1.1624, 0.0687
94.1526, -203.7793, 1.1742, 0.0687
94.8088, -203.7341, 1.1887, 0.0687
95.5459, -203.6833, 1.2049, 0.0687
96.1790, -203.6396, 1.2191, 0.0687
96.8181, -203.5955, 1.2333, 0.0687
97.4075, -203.5549, 1.2465, 0.0687
98.0633, -203.5097, 1.2610, 0.0687
98.6709, -203.4678, 1.2746, 0.0687
99.2109, -203.4305, 1.2866, 0.0687
99.7851, -203.3909, 1.2993, 0.0687
100.3695, -203.3506, 1.3123, 0.0687
100.8760, -203.3157, 1.3236, 0.0687
101.4088, -203.2789, 1.3354, 0.0687
101.9251, -203.2433, 1.3469, 0.0687
102.4429, -203.2075, 1.3584, 0.0687
102.9422, -203.1730, 1.3695, 0.0687
103.5167, -203.1331, 1.3820, 0.0686
104.0407, -203.0970, 1.3936, 0.0686
104.6303, -203.0564, 1.4067, 0.0686
105.1896, -203.0179, 1.4192, 0.0686
105.8407, -202.9730, 1.4337, 0.0686
106.5476, -202.9243, 1.4497, 0.0686
107.1107, -202.8856, 1.4622, 0.0686
107.6595, -202.8478, 1.4743, 0.0686
108.2497, -202.8071, 1.4874, 0.0686
108.8788, -202.7638, 1.5014, 0.0686
109.5567, -202.7172, 1.5165, 0.0686
110.2078, -202.6723, 1.5310, 0.0686
110.8817, -202.6259, 1.5460, 0.0686
111.5851, -202.5775, 1.5616, 0.0686
112.4520, -202.5178, 1.5809, 0.0686
113.2986, -202.4595, 1.5998, 0.0687
114.1720, -202.3994, 1.6192, 0.0687
115.0785, -202.3370, 1.6394, 0.0687
116.0589, -202.2695, 1.6612, 0.0687
116.9363, -202.2090, 1.6807, 0.0687
117.4635, -202.1727, 1.6925, 0.0687
118.4317, -202.1100, 1.7140, 0.0650
119.4507, -202.0936, 1.7367, 0.0235
119.9863, -202.1227, 1.7487, -0.0197
120.5102, -202.1785, 1.7604, -0.0709
121.5266, -202.3445, 1.7830, -0.1630
122.0258, -202.4429, 1.7940, -0.1942
122.5704, -202.5562, 1.8061, -0.2154
123.1064, -202.6712, 1.8180, -0.2258
123.6647, -202.7905, 1.8305, -0.2268
124.2112, -202.8967, 1.8426, -0.2142
124.7574, -202.9851, 1.8548, -0.1875
125.3469, -203.0579, 1.8679, -0.1473
125.9783, -203.1153, 1.8819, -0.1029
126.6799, -203.1626, 1.8975, -0.0630
127.1921, -203.1911, 1.9089, -0.0439
127.8563, -203.2238, 1.9237, -0.0305
128.5612, -203.2522, 1.9394, -0.0238
129.1135, -203.2706, 1.9516, -0.0212
129.7551, -203.2889, 1.9659, -0.0196
130.4028, -203.3050, 1.9803, -0.0187
131.0522, -203.3195, 1.9948, -0.0183
131.6944, -203.3328, 2.0091, -0.0181
132.2544, -203.3439, 2.0215, -0.0180
132.8385, -203.3550, 2.0345, -0.0179
133.4127, -203.3658, 2.0473, -0.0179
134.1450, -203.3792, 2.0636, -0.0178
134.8999, -203.3929, 2.0804, -0.0178
135.6749, -203.4069, 2.0976, -0.0178
136.3064, -203.4182, 2.1117, -0.0178
136.9780, -203.4302, 2.1266, -0.0178
137.8173, -203.4452, 2.1453, -0.0178
138.4049, -203.4557, 2.1584, -0.0178
139.1254, -203.4685, 2.1744, -0.0178
139.8652, -203.4817, 2.1909, -0.0178
140.5241, -203.4935, 2.2055, -0.0178
141.2295, -203.5060, 2.2212, -0.0178
141.9805, -203.5194, 2.2379, -0.0178
142.7165, -203.5325, 2.2543, -0.0178
143.4647, -203.5458, 2.2710, -0.0178
144.2520, -203.5599, 2.2885, -0.0178
144.9859, -203.5729, 2.3048, -0.0178
145.7627, -203.5868, 2.3221, -0.0178
146.5618, -203.6010, 2.3399, -0.0178
147.2650, -203.6135, 2.3555, -0.0178
148.0116, -203.6268, 2.3721, -0.0178
148.6651, -203.6385, 2.3867, -0.0178
149.5902, -203.6550, 2.4072, -0.0178
150.4829, -203.6709, 2.4271, -0.0178
151.2168, -203.6839, 2.4434, -0.0178
152.1789, -203.7011, 2.4648, -0.0178
152.8861, -203.7137, 2.4806, -0.0178
153.8994, -203.7317, 2.5035, -0.0178
154.6744, -203.7455, 2.5205, -0.0178
155.5556, -203.7612, 2.5395, -0.0178
156.5165, -203.7783, 2.5608, -0.0178
157.3429, -203.7930, 2.5795, -0.0178
158.1931, -203.8082, 2.5977, -0.0178
159.0886, -203.8241, 2.6168, -0.0178
159.9379, -203.8393, 2.6357, -0.0178
160.8446, -203.8556, 2.6551, -0.0178
161.6885, -203.8706, 2.6727, -0.0178
162.4873, -203.8817, 2.6898, -0.0147
163.1895, -203.8831, 2.7040, -0.0050
164.0397, -203.8689, 2.7199, 0.0185
164.8541, -203.8341, 2.7349, 0.0527
165.6685, -203.7780, 2.7496, 0.0937
166.5831, -203.6925, 2.7641, 0.1401
167.3807, -203.6012, 2.7758, 0.1748
168.4330, -203.4605, 2.7902, 0.2072
169.2102, -203.3408, 2.7995, 0.2235
170.2267, -203.1634, 2.8101, 0.2383
171.1190, -202.9893, 2.8188, 0.2467
171.9357, -202.8170, 2.8256, 0.2520
172.7946, -202.6245, 2.8314, 0.2557
173.6481, -202.4235, 2.8364, 0.2581
174.5634, -202.1998, 2.8404, 0.2598
175.5104, -201.9617, 2.8432, 0.2608
176.3455, -201.7474, 2.8446, 0.2614
177.1845, -201.5291, 2.8452, 0.2617
178.0143, -201.3110, 2.8447, 0.2619
178.8429, -201.0918, 2.8431, 0.2621
179.5978, -200.8911, 2.8408, 0.2621
180.2487, -200.7176, 2.8383, 0.2622
181.1791, -200.4689, 2.8334, 0.2622
182.0721, -200.2299, 2.8277, 0.2622
182.9260, -200.0011, 2.8209, 0.2622
183.7879, -199.7701, 2.8129, 0.2622
184.4691, -199.5873, 2.8060, 0.2622
185.3065, -199.3627, 2.7964, 0.2622
186.1391, -199.1393, 2.7857, 0.2623
186.9454, -198.9229, 2.7743, 0.2623
187.7125, -198.7169, 2.7629, 0.2623
188.5069, -198.5036, 2.7503, 0.2623
189.1533, -198.3300, 2.7398, 0.2623
189.9719, -198.1103, 2.7248, 0.2623
190.8194, -197.8826, 2.7088, 0.2623
191.4240, -197.7203, 2.6970, 0.2623
192.1783, -197.5176, 2.6815, 0.2623
192.8411, -197.3396, 2.6678, 0.2623
193.5581, -197.1470, 2.6529, 0.2623
194.3380, -196.9376, 2.6362, 0.2623
194.8850, -196.7906, 2.6238, 0.2623
195.6198, -196.5931, 2.6084, 0.2623
196.2044, -196.4360, 2.5968, 0.2623
196.7795, -196.2779, 2.5853, 0.2656
197.4831, -196.0670, 2.5700, 0.2834
198.1756, -195.8282, 2.5554, 0.3204
198.7778, -195.5851, 2.5423, 0.3696
199.7556, -195.0913, 2.5206, 0.4860
200.2613, -194.7718, 2.5087, 0.5624
200.7126, -194.4410, 2.4980, 0.6371
201.1417, -194.0833, 2.4870, 0.7094
201.5446, -193.7070, 2.4765, 0.7726
202.0098, -193.2291, 2.4638, 0.8303
202.3977, -192.8052, 2.4526, 0.8611
202.7823, -192.3690, 2.4418, 0.8760
203.1837, -191.8992, 2.4306, 0.8820
203.5652, -191.4437, 2.4198, 0.8840
203.9939, -190.9254, 2.4072, 0.8848
204.3531, -190.4889, 2.3965, 0.8850
205.0286, -189.6648, 2.3763, 0.8851
205.4487, -189.1527, 2.3633, 0.8851
206.1090, -188.3463, 2.3443, 0.8851
206.4404, -187.9412, 2.3350, 0.8851
206.7897, -187.5145, 2.3244, 0.8852
207.1540, -187.0588, 2.3128, 0.8916
207.7626, -186.1853, 2.2928, 0.9515
208.2811, -185.2597, 2.2738, 1.0396
208.5222, -184.8022, 2.2644, 1.0644
208.7651, -184.3464, 2.2552, 1.0746
209.2078, -183.5220, 2.2381, 1.0780
209.6565, -182.6886, 2.2196, 1.0782
210.1901, -181.7935, 2.1989, 1.0421
210.7020, -181.0585, 2.1811, 0.9913
211.0234, -180.5897, 2.1693, 0.9807
211.3098, -180.1678, 2.1586, 0.9783
211.8440, -179.3764, 2.1385, 0.9775
212.4479, -178.4822, 2.1158, 0.9774
212.7554, -178.0266, 2.1040, 0.9774
213.1131, -177.4973, 2.0906, 0.9774
213.4415, -177.0106, 2.0778, 0.9774
213.8121, -176.4620, 2.0629, 0.9775
214.1732, -175.9269, 2.0498, 0.9775
214.4797, -175.4724, 2.0376, 0.9775
214.8207, -174.9673, 2.0239, 0.9775
215.1942, -174.4142, 2.0084, 0.9775
215.6250, -173.7759, 1.9915, 0.9775
215.9616, -173.2769, 1.9788, 0.9776
216.3404, -172.7152, 1.9635, 0.9776
216.6956, -172.1887, 1.9483, 0.9776
217.1061, -171.5808, 1.9312, 0.9776
217.5373, -170.9415, 1.9139, 0.9776
217.9586, -170.3165, 1.8968, 0.9777
218.4541, -169.5820, 1.8756, 0.9777
218.8018, -169.0665, 1.8613, 0.9777
219.2240, -168.4405, 1.8434, 0.9777
219.6146, -167.8609, 1.8279, 0.9777
220.0152, -167.2668, 1.8104, 0.9778
220.5256, -166.5097, 1.7893, 0.9778
220.9538, -165.8745, 1.7710, 0.9778
221.3631, -165.2673, 1.7545, 0.9778
221.8273, -164.5786, 1.7348, 0.9778
222.3783, -163.7608, 1.7113, 0.9779
222.8447, -163.0565, 1.6919, 0.9842
223.2463, -162.4137, 1.6746, 1.0056
223.6349, -161.7392, 1.6561, 1.0448
224.0932, -160.8397, 1.6324, 1.1157
224.4875, -159.9473, 1.6094, 1.1906
224.7986, -159.1512, 1.5895, 1.2476
225.1553, -158.1447, 1.5643, 1.2944
225.4336, -157.2854, 1.5433, 1.3148
225.7324, -156.2809, 1.5186, 1.3273
226.0074, -155.2828, 1.4945, 1.3332
226.2910, -154.1952, 1.4679, 1.3364
226.5305, -153.2405, 1.4451, 1.3377
226.7951, -152.1616, 1.4183, 1.3384
227.0497, -151.1067, 1.3928, 1.3388
227.2468, -150.2826, 1.3724, 1.3389
227.4831, -149.2901, 1.3483, 1.3390
227.6577, -148.5541, 1.3296, 1.3391
227.8918, -147.5653, 1.3059, 1.3391
228.1249, -146.5784, 1.2814, 1.3392
228.3510, -145.6207, 1.2579, 1.3392
228.5659, -144.7092, 1.2358, 1.3393
228.7762, -143.8171, 1.2140, 1.3393
229.0060, -142.8422, 1.1908, 1.3393
229.2740, -141.7038, 1.1626, 1.3393
229.4477, -140.9658, 1.1451, 1.3394
229.6604, -140.0630, 1.1241, 1.3394
229.8573, -139.2263, 1.1045, 1.3394
230.0847, -138.2596, 1.0825, 1.3394
230.3224, -137.2498, 1.0608, 1.3394
230.5409, -136.3212, 1.0413, 1.3394
230.7783, -135.3122, 1.0207, 1.3394
230.9975, -134.3806, 1.0019, 1.3394
231.2159, -133.4523, 0.9830, 1.3394
231.4430, -132.4873, 0.9634, 1.3394
231.7331, -131.2546, 0.9383, 1.3394
231.9638, -130.2742, 0.9183, 1.3394
232.1999, -129.2712, 0.8978, 1.3394
232.4505, -128.2059, 0.8760, 1.3394
232.6783, -127.2379, 0.8561, 1.3394
232.9230, -126.1981, 0.8348, 1.3394
233.1405, -125.2735, 0.8158, 1.3394
233.4028, -124.1591, 0.7929, 1.3394
233.6631, -123.0528, 0.7701, 1.3394
233.8601, -122.2157, 0.7529, 1.3394
234.0675, -121.3344, 0.7348, 1.3394
234.2556, -120.5350, 0.7183, 1.3394
234.4513, -119.7033, 0.7012, 1.3393
234.6562, -118.8326, 0.6833, 1.3393
234.8255, -118.1133, 0.6685, 1.3393
235.0009, -117.3682, 0.6531, 1.3393
235.1831, -116.5942, 0.6372, 1.3393
235.3204, -116.0105, 0.6252, 1.3393
235.4794, -115.3352, 0.6113, 1.3393
235.6358, -114.6705, 0.5976, 1.3393
235.8009, -113.9692, 0.5831, 1.3393
235.9471, -113.3480, 0.5703, 1.3393
236.0814, -112.7775, 0.5586, 1.3393
236.2187, -112.1941, 0.5466, 1.3393
236.3602, -111.5928, 0.5343, 1.3393
236.4777, -111.0937, 0.5244, 1.3393
236.6188, -110.4940, 0.5124, 1.3393
236.7681, -109.8600, 0.4998, 1.3393
236.9885, -108.8957, 0.4807, 1.3450
237.0810, -108.3817, 0.4708, 1.3670
237.1575, -107.8210, 0.4602, 1.4015
237.2211, -107.2919, 0.4502, 1.4271
237.2953, -106.6984, 0.4389, 1.4400
237.3621, -106.1751, 0.4290, 1.4437
237.4287, -105.6522, 0.4191, 1.4449
237.4947, -105.1310, 0.4093, 1.4454
237.6581, -103.8335, 0.3854, 1.4456
237.7364, -103.2117, 0.3745, 1.4456
237.8093, -102.6325, 0.3645, 1.4456
237.8970, -101.9350, 0.3523, 1.4456
237.9847, -101.2368, 0.3405, 1.4456
238.0871, -100.4228, 0.3275, 1.4456
238.1815, -99.6722, 0.3157, 1.4456
238.2712, -98.9584, 0.3045, 1.4456
238.3683, -98.1868, 0.2923, 1.4456
238.4593, -97.4693, 0.2818, 1.4456
238.5493, -96.6597, 0.2694, 1.4552
238.6035, -95.8318, 0.2573, 1.4930
238.6082, -95.1332, 0.2477, 1.5456
238.5718, -94.3337, 0.2386, 1.6122
238.4990, -93.4877, 0.2270, 1.6687
238.4027, -92.5718, 0.2166, 1.6979
238.2988, -91.6971, 0.2072, 1.7069
238.1750, -90.7446, 0.1969, 1.7100
238.0695, -89.9685, 0.1884, 1.7108
237.9554, -89.1464, 0.1794, 1.7110
237.8403, -88.3250, 0.1702, 1.7111
237.7219, -87.4845, 0.1608, 1.7111
237.6108, -86.6969, 0.1519, 1.7111
237.5035, -85.9369, 0.1433, 1.7111
237.3810, -85.0697, 0.1333, 1.7111
237.2496, -84.1395, 0.1225, 1.7111
237.1133, -83.1712, 0.1115, 1.7111
236.9815, -82.2372, 0.1010, 1.7111
236.8548, -81.3403, 0.0919, 1.7111
236.7212, -80.4785, 0.0845, 1.7216
236.5231, -79.5249, 0.0769, 1.7685
236.2953, -78.7456, 0.0712, 1.8394
235.9520, -77.8501, 0.0660, 1.9357
235.5389, -76.9420, 0.0611, 2.0094
235.1772, -76.2001, 0.0566, 2.0369
234.8266, -75.4968, 0.0522, 2.0438
234.4712, -74.7966, 0.0477, 2.0455
234.1081, -74.0874, 0.0444, 2.0459
233.7090, -73.3104, 0.0416, 2.0460
233.3740, -72.6588, 0.0389, 2.0460
233.0607, -72.0500, 0.0348, 2.0460
232.7585, -71.4627, 0.0332, 2.0460
232.4231, -70.8108, 0.0328, 2.0461
232.1542, -70.3140, 0.0326, 2.0563
231.7556, -69.7104, 0.0306, 2.1119
231.3211, -69.1909, 0.0286, 2.1895
230.9170, -68.7442, 0.0282, 2.2388
230.2515, -67.9567, 0.0277, 2.2552
229.6207, -67.2932, 0.0274, 2.3055
228.9363, -66.6942, 0.0269, 2.3645
228.3095, -66.0864, 0.0263, 2.3667
227.6397, -65.5439, 0.0260, 2.4239
226.9343, -65.1779, 0.0262, 2.5385
226.2361, -64.7923, 0.0257, 2.5802
225.3957, -64.2671, 0.0228, 2.5809
224.5636, -63.7448, 0.0188, 2.5810
224.1331, -63.4745, 0.0171, 2.5811
223.5727, -63.1226, 0.0144, 2.5811
222.9666, -62.7724, 0.0105, 2.6021
222.3209, -62.4873, 0.0053, 2.6686
221.6649, -62.2456, 0.0003, 2.7305
220.9120, -61.9615, -0.0045, 2.7576
220.1821, -61.6723, -0.0073, 2.7611
219.3717, -61.3494, -0.0096, 2.7615
218.5159, -61.0080, -0.0101, 2.7615
217.6843, -60.6755, -0.0084, 2.7614
216.8414, -60.3386, -0.0067, 2.7614
215.8743, -59.9832, -0.0043, 2.7853
214.8673, -59.7171, -0.0001, 2.8692
213.8905, -59.5875, 0.0021, 2.9931
212.9914, -59.5655, 0.0022, 3.1061
211.9733, -59.6049, 0.0021, -3.0923
210.8305, -59.6814, 0.0019, -3.0573
209.7719, -59.7660, 0.0018, -3.0507
208.6369, -59.8658, 0.0017, -3.0491
207.3854, -59.9802, 0.0016, -3.0487
206.2343, -60.0639, 0.0016, -3.0683
204.9315, -60.0710, 0.0016, 3.1398
203.6013, -59.9991, 0.0026, 3.0649
202.5512, -59.9129, 0.0026, 3.0364
201.3999, -59.8022, 0.0018, 3.0259
200.1292, -59.6653, 0.0038, 3.0223
198.7541, -59.5054, 0.0019, 3.0210
197.4527, -59.3506, 0.0015, 3.0207
196.1299, -59.1914, 0.0015, 3.0206
194.5923, -59.0051, 0.0015, 3.0206
193.3074, -58.8490, 0.0015, 3.0206
192.0994, -58.7022, 0.0016, 3.0205
190.6679, -58.5281, 0.0016, 3.0205
189.0227, -58.3594, 0.0016, 3.0471
187.3782, -58.2881, 0.0017, 3.1280
185.8770, -58.3022, 0.0017, -3.0833
184.6080, -58.3529, 0.0018, -3.0509
183.2989, -58.4383, 0.0018, -3.0364
181.7864, -58.5701, 0.0019, -3.0300
180.3754, -58.7130, 0.0019, -3.0279
178.9997, -58.8417, 0.0018, -3.0450
177.6926, -58.9030, 0.0018, -3.1050
176.2130, -58.8757, 0.0018, 3.0800
174.5979, -58.7563, 0.0019, 3.0018
173.4036, -58.6258, 0.0060, 2.9747
172.0730, -58.4361, 0.0123, 2.9616
170.9278, -58.2521, 0.0170, 2.9574
169.5810, -58.0148, 0.0255, 2.9556
168.5244, -57.8216, 0.0270, 2.9550
167.3142, -57.5965, 0.0261, 2.9548
166.0302, -57.3755, 0.0246, 2.9719
164.7682, -57.1861, 0.0222, 2.9995
163.4723, -56.9985, 0.0204, 3.0104
162.2883, -56.8352, 0.0168, 3.0140
161.1552, -56.6835, 0.0113, 3.0154
159.8190, -56.5103, 0.0091, 3.0161
158.3957, -56.3278, 0.0010, 3.0165
156.9078, -56.1398, -0.0004, 3.0167
155.6830, -55.9997, -0.0000, 3.0291
154.1799, -55.8971, 0.0007, 3.0916
152.7472, -55.8909, 0.0011, -3.1020
151.4739, -55.9489, 0.0014, -3.0344
150.4116, -56.0308, 0.0016, -3.0011
149.0853, -56.1726, 0.0018, -2.9808
147.7764, -56.3491, 0.0019, -2.9722
146.6382, -56.5231, 0.0020, -2.9690
145.5658, -56.6982, 0.0021, -2.9676
144.5403, -56.8718, 0.0021, -2.9669
143.5573, -57.0418, 0.0022, -2.9666
142.3770, -57.2483, 0.0022, -2.9665
141.4162, -57.4175, 0.0022, -2.9664
140.1685, -57.6379, 0.0021, -2.9664
139.2811, -57.7949, 0.0021, -2.9664
138.2989, -57.9539, 0.0020, -2.9792
137.2933, -58.0677, 0.0019, -3.0250
136.3678, -58.1358, 0.0019, -3.0718
135.5420, -58.1847, 0.0018, -3.0965
134.6537, -58.2295, 0.0018, -3.1077
133.5224, -58.2754, 0.0017, -3.1127
132.5493, -58.3083, 0.0017, -3.1141
131.4438, -58.3418, 0.0017, -3.1146
130.4535, -58.3700, 0.0016, -3.1148
129.3880, -58.3993, 0.0016, -3.1149
128.2275, -58.4308, 0.0016, -3.1149
127.1580, -58.4595, 0.0016, -3.1149
125.8833, -58.4935, 0.0016, -3.1149
124.9186, -58.5193, 0.0016, -3.1149
123.4954, -58.5572, 0.0016, -3.1149
122.3880, -58.5868, 0.0016, -3.1149
121.3445, -58.6146, 0.0016, -3.1149
120.1945, -58.6329, 0.0016, -3.1260
118.9156, -58.6014, 0.0017, 3.1079
117.6944, -58.5010, 0.0017, 3.0311
116.5679, -58.3491, 0.0017, 2.9583
115.5967, -58.1814, 0.0027, 2.9104
114.4656, -57.9548, 0.0021, 2.8784
113.1321, -57.6424, 0.0019, 2.8610
112.1168, -57.3791, 0.0032, 2.8545
111.0402, -57.0840, 0.0030, 2.8512
109.7772, -56.7200, 0.0025, 2.8498
108.8949, -56.4607, 0.0022, 2.8493
107.8194, -56.1420, 0.0040, 2.8490
106.8340, -55.8461, 0.0025, 2.8488
105.9482, -55.5801, 0.0022, 2.8487
105.1470, -55.3390, 0.0021, 2.8487
104.2411, -55.0661, 0.0021, 2.8486
103.4017, -54.8130, 0.0022, 2.8486
102.4998, -54.5409, 0.0022, 2.8486
101.5948, -54.2679, 0.0022, 2.8486
100.8031, -54.0291, 0.0022, 2.8486
100.0574, -53.8042, 0.0022, 2.8486
99.3644, -53.5951, 0.0022, 2.8486
98.7040, -53.3959, 0.0022, 2.8486
98.0040, -53.1847, 0.0022, 2.8486
97.3625, -52.9912, 0.0022, 2.8486
96.6845, -52.7866, 0.0022, 2.8486
96.0970, -52.6094, 0.0022, 2.8486
95.5313, -52.4388, 0.0022, 2.8486
94.9946, -52.2769, 0.0021, 2.8486
94.4810, -52.1219, 0.0021, 2.8486
93.9903, -51.9739, 0.0021, 2.8486
93.4365, -51.8069, 0.0021, 2.8486
92.9290, -51.6537, 0.0021, 2.8486
92.0392, -51.3385, 0.0021, 2.8137
91.2605, -50.9321, 0.0022, 2.7218
90.8220, -50.6827, 0.0021, 2.6869
90.0714, -50.2883, 0.0021, 2.6746
89.3388, -49.9203, 0.0056, 2.6745
88.5632, -49.5836, 0.0046, 2.7142
87.7696, -49.3217, 0.0015, 2.7690
86.9544, -49.0199, 0.0073, 2.7756
86.1086, -48.6944, 0.0019, 2.7756
85.0650, -48.2954, 0.0012, 2.7756
84.0117, -47.8918, 0.0014, 2.7756
83.3903, -47.6537, 0.0014, 2.7756
82.8481, -47.4459, 0.0015, 2.7756
82.1351, -47.1727, 0.0015, 2.7756
81.5703, -46.9562, 0.0015, 2.7756
80.6917, -46.6456, 0.0015, 2.7961
80.0955, -46.4790, 0.0016, 2.8373
79.3527, -46.3263, 0.0016, 2.9068
78.7752, -46.2359, 0.0016, 2.9564
78.0191, -46.1316, 0.0016, 2.9978
77.3555, -46.0438, 0.0016, 3.0136
76.5316, -45.9378, 0.0017, 3.0193
75.6567, -45.8293, 0.0034, 3.0209
74.9237, -45.7389, 0.0023, 3.0213
74.0839, -45.6535, 0.0020, 3.0353
73.4495, -45.6252, 0.0019, 3.0708
72.7010, -45.6549, 0.0049, -3.1377
72.0236, -45.7617, 0.0028, -3.0395
71.5071, -45.9154, 0.0024, -2.9432
71.0025, -46.1360, 0.0023, -2.8357
70.5058, -46.4160, 0.0022, -2.7342
69.6692, -46.9961, 0.0047, -2.5960
69.0446, -47.6025, 0.0023, -2.4609
68.6999, -47.9918, 0.0020, -2.3983
68.2011, -48.5519, 0.0029, -2.3512
67.6408, -49.1373, 0.0019, -2.3452
67.1507, -49.6390, 0.0018, -2.3451
66.5921, -50.2101, 0.0017, -2.3451
66.0617, -50.8032, 0.0057, -2.3158
65.5765, -51.5810, 0.0016, -2.1966
65.2413, -52.3858, 0.0035, -2.0604
65.0602, -52.8791, 0.0027, -2.0046
64.7070, -53.8102, 0.0014, -1.9609
64.3193, -54.7704, 0.0014, -1.9571
63.9394, -55.7057, 0.0015, -1.9569
63.7495, -56.1731, 0.0015, -1.9569
63.5391, -56.6906, 0.0015, -1.9569
63.3221, -57.2245, 0.0015, -1.9569
63.1021, -57.7873, 0.0015, -1.9497
62.8959, -58.3945, 0.0016, -1.9205
62.7318, -59.0130, 0.0016, -1.8668
62.6379, -59.5129, 0.0025, -1.8079
62.5683, -60.1129, 0.0064, -1.7307
62.5386, -60.6898, 0.0078, -1.6607
62.5338, -61.3019, 0.0081, -1.6000
62.5458, -61.9142, 0.0080, -1.5571
62.5669, -62.5479, 0.0047, -1.5340
62.5970, -63.2037, 0.0021, -1.5177
62.6629, -63.9206, 0.0012, -1.4845
62.7716, -64.6215, 0.0061, -1.4287
62.9376, -65.3043, 0.0051, -1.3504
63.1165, -65.8393, 0.0026, -1.2762
63.3851, -66.4634, 0.0016, -1.1781
63.7139, -67.0749, 0.0014, -1.0787
64.1021, -67.6816, 0.0014, -0.9869
64.6405, -68.4122, 0.0014, -0.9005
65.1497, -69.0125, 0.0015, -0.8384
65.7144, -69.5747, 0.0016, -0.7644
66.1698, -69.9626, 0.0017, -0.7006
66.9678, -70.5477, 0.0017, -0.5999
67.6047, -70.9581, 0.0016, -0.5407
68.2775, -71.3639, 0.0016, -0.5040
68.9883, -71.7729, 0.0016, -0.4872
69.6671, -72.1479, 0.0016, -0.4805
70.3252, -72.5015, 0.0016, -0.4776
71.0498, -72.8749, 0.0016, -0.4688
71.7876, -73.2215, 0.0016, -0.4409
72.3999, -73.4784, 0.0016, -0.4038
73.1622, -73.7656, 0.0016, -0.3532
74.0757, -74.0794, 0.0016, -0.3057
74.9635, -74.3481, 0.0016, -0.2656
75.7589, -74.5408, 0.0026, -0.2172
76.7383, -74.7114, 0.0066, -0.1416
77.6229, -74.7994, 0.0079, -0.0584
78.5725, -74.8105, 0.0082, 0.0469
79.4041, -74.7410, 0.0133, 0.1513
80.0721, -74.6334, 0.0110, 0.2416
80.8048, -74.4444, 0.0045, 0.3456
81.5887, -74.1226, 0.0056, 0.4717
82.2133, -73.7624, 0.0034, 0.5854
82.6610, -73.4076, 0.0075, 0.6796
83.0423, -73.0167, 0.0083, 0.7792
83.5470, -72.2327, 0.0025, 0.9566
83.7714, -71.7673, 0.0019, 1.0324
84.2112, -70.9378, 0.0033, 1.0620
84.7287, -70.1579, 0.0018, 1.0099
85.0349, -69.7067, 0.0016, 0.9935
85.6333, -68.8201, 0.0016, 0.9798
86.2437, -68.0233, 0.0270, 0.9197
86.6124, -67.6452, 0.0308, 0.8613
87.0855, -67.2480, 0.0334, 0.7722
87.5220, -66.9514, 0.0314, 0.6873
87.9704, -66.6936, 0.0213, 0.6052
88.8926, -66.2681, 0.0095, 0.4596
89.4092, -66.0660, 0.0065, 0.4050
89.9843, -65.8520, 0.0045, 0.3679
90.4760, -65.6705, 0.0035, 0.3532
91.0484, -65.4600, 0.0028, 0.3469
91.5917, -65.2623, 0.0023, 0.3448
92.2165, -65.0367, 0.0020, 0.3439
93.0526, -64.7363, 0.0018, 0.3435
93.5916, -64.5431, 0.0017, 0.3435
94.2342, -64.3130, 0.0016, 0.3434
94.8511, -64.0992, 0.0016, 0.3375
95.4592, -63.9097, 0.0016, 0.3162
96.3888, -63.6814, 0.0017, 0.2498
97.0461, -63.5736, 0.0017, 0.1824
97.7006, -63.5084, 0.0017, 0.1097
98.4231, -63.4762, 0.0017, 0.0365
99.1437, -63.4752, 0.0016, -0.0207
99.8065, -63.4916, 0.0016, -0.0548
100.4289, -63.5171, 0.0016, -0.0720
101.1196, -63.5569, 0.0032, -0.0814
101.9328, -63.6111, 0.0049, -0.0863
102.6585, -63.6650, 0.0029, -0.0884
103.5212, -63.7364, 0.0018, -0.0895
104.2256, -63.7925, 0.0027, -0.0850
105.0021, -63.8340, 0.0046, -0.0627
105.7649, -63.8425, 0.0025, -0.0216
106.7757, -63.8004, 0.0016, 0.0520
107.5216, -63.7354, 0.0029, 0.1068
108.3475, -63.6334, 0.0036, 0.1559
109.2036, -63.5081, 0.0022, 0.1874
109.9326, -63.3893, 0.0017, 0.2010
110.8271, -63.2304, 0.0055, 0.2100
111.6991, -63.0594, 0.0031, 0.2148
112.4262, -62.9162, 0.0020, 0.2121
113.2893, -62.7629, 0.0015, 0.1907
114.2734, -62.6276, 0.0014, 0.1393
114.9174, -62.5658, 0.0014, 0.0951
115.8061, -62.5115, 0.0015, 0.0340
116.6204, -62.4881, 0.0015, -0.0137
117.4512, -62.4827, 0.0015, -0.0468
118.2881, -62.4935, 0.0015, -0.0659
119.2511, -62.5262, 0.0015, -0.0780
120.0867, -62.5686, 0.0015, -0.0837
120.8101, -62.6135, 0.0016, -0.0867
121.7623, -62.6812, 0.0016, -0.0890
122.7565, -62.7592, 0.0016, -0.0902
123.6494, -62.8333, 0.0016, -0.0908
124.5564, -62.9113, 0.0016, -0.0911
125.4494, -62.9898, 0.0016, -0.0913
126.3024, -63.0659, 0.0016, -0.0914
127.4844, -63.1726, 0.0016, -0.0915
128.4657, -63.2617, 0.0016, -0.0915
129.5957, -63.3655, 0.0021, -0.0916
130.7466, -63.4719, 0.0044, -0.0916
131.5135, -63.5404, 0.0034, -0.0916
132.6080, -63.6407, 0.0030, -0.0916
133.5217, -63.7255, 0.0049, -0.0916
134.5613, -63.8198, 0.0033, -0.0916
135.5563, -63.9110, 0.0021, -0.0916
136.4071, -63.9894, 0.0020, -0.0916
137.4597, -64.0862, 0.0018, -0.0916
138.3544, -64.1685, 0.0018, -0.0916
139.2970, -64.2555, 0.0025, -0.0916
140.1641, -64.3350, 0.0021, -0.0916
141.0260, -64.4143, 0.0020, -0.0916
142.1112, -64.5140, 0.0020, -0.0916
142.9464, -64.5908, 0.0021, -0.0916
143.8998, -64.6784, 0.0021, -0.0916
144.5617, -64.7392, 0.0022, -0.0916
145.3662, -64.8131, 0.0022, -0.0916
146.2271, -64.8922, 0.0022, -0.0916
146.9131, -64.9552, 0.0022, -0.0916
147.7933, -65.0361, 0.0022, -0.0916
148.6138, -65.1115, 0.0022, -0.0916
149.3578, -65.1798, 0.0023, -0.0916
150.0401, -65.2425, 0.0023, -0.0916
150.7824, -65.3107, 0.0023, -0.0916
151.4052, -65.3679, 0.0023, -0.0916
152.0607, -65.4281, 0.0023, -0.0916
152.7316, -65.4897, 0.0022, -0.0916
153.3440, -65.5460, 0.0022, -0.0916
153.9566, -65.6022, 0.0022, -0.0916
154.5233, -65.6543, 0.0022, -0.0916
155.1587, -65.7189, 0.0023, -0.0972
155.7067, -65.7916, 0.0029, -0.1154
156.2191, -65.8822, 0.0049, -0.1470
156.7710, -66.0132, 0.0097, -0.1982
157.2585, -66.1598, 0.0163, -0.2522
157.7697, -66.3389, 0.0249, -0.3063
158.2552, -66.5272, 0.0327, -0.3480
158.8047, -66.7507, 0.0402, -0.3772
159.6704, -67.1040, 0.0521, -0.3905
160.5129, -67.4506, 0.0696, -0.3919
161.2965, -67.8021, 0.0833, -0.4130
161.9828, -68.1950, 0.0880, -0.4808
162.6980, -68.6986, 0.0910, -0.5679
163.4047, -69.2204, 0.0941, -0.6123
164.1277, -69.7388, 0.0965, -0.6196
164.5994, -70.0869, 0.0982, -0.6283
165.0106, -70.4202, 0.0998, -0.6535
165.7105, -71.1051, 0.1024, -0.7487
166.2792, -71.8711, 0.1054, -0.8949
166.5585, -72.3714, 0.1076, -0.9923
166.8252, -72.9526, 0.1112, -1.0896
167.1755, -73.9039, 0.1189, -1.2088
167.3109, -74.4132, 0.1221, -1.2724
167.4122, -74.9692, 0.1253, -1.3491
167.4676, -75.4973, 0.1284, -1.4242
167.4934, -76.1560, 0.1350, -1.5079
167.4863, -76.8397, 0.1408, -1.5750
167.4639, -77.3971, 0.1446, -1.6130
167.4322, -77.9913, 0.1483, -1.6360
167.3952, -78.5971, 0.1521, -1.6462
167.3423, -79.3567, 0.1568, -1.6510
167.2959, -79.9706, 0.1606, -1.6525
167.2384, -80.6994, 0.1651, -1.6532
167.1856, -81.4582, 0.1699, -1.6458
167.1602, -82.2661, 0.1750, -1.6140
167.1692, -83.0182, 0.1797, -1.5702
167.1927, -83.6741, 0.1838, -1.5362
167.2227, -84.3293, 0.1880, -1.5143
167.2598, -85.0399, 0.1924, -1.5027
167.2955, -85.7318, 0.1968, -1.5025
167.3179, -86.5416, 0.2020, -1.5252
167.3117, -87.2085, 0.2062, -1.5611
167.2762, -88.0661, 0.2116, -1.6121
167.2240, -88.8726, 0.2167, -1.6494
167.1554, -89.7545, 0.2223, -1.6722
167.0899, -90.4933, 0.2270, -1.6811
167.0095, -91.3095, 0.2323, -1.6859
166.9236, -92.1188, 0.2376, -1.6882
166.8363, -92.9045, 0.2426, -1.6893
166.7194, -93.9223, 0.2495, -1.6899
166.6288, -94.6965, 0.2546, -1.6901
166.5079, -95.7182, 0.2616, -1.6903
166.4115, -96.5276, 0.2670, -1.6903
166.2914, -97.5327, 0.2736, -1.6903
166.1749, -98.5051, 0.2803, -1.6903
166.0600, -99.4629, 0.2868, -1.6903
165.9579, -100.2676, 0.2920, -1.6953
165.8083, -101.2555, 0.2987, -1.7206
165.6365, -102.1471, 0.3050, -1.7657
165.3829, -103.1620, 0.3119, -1.8422
165.1103, -104.0139, 0.3179, -1.9240
164.7537, -104.9143, 0.3244, -2.0213
164.3595, -105.7441, 0.3304, -2.1117
163.9912, -106.4197, 0.3354, -2.1798
163.4928, -107.2329, 0.3418, -2.2468
162.9039, -108.0948, 0.3483, -2.2954
162.2283, -108.9846, 0.3558, -2.3251
161.4864, -109.8771, 0.3644, -2.3414
160.8693, -110.5758, 0.3699, -2.3486
160.0420, -111.4703, 0.3778, -2.3536
159.2456, -112.3035, 0.3863, -2.3560
158.5430, -113.0258, 0.3926, -2.3572
157.7464, -113.8343, 0.4004, -2.3578
157.0701, -114.5156, 0.4068, -2.3580
156.2173, -115.3707, 0.4148, -2.3582
155.3627, -116.2250, 0.4225, -2.3583
154.6422, -116.9440, 0.4284, -2.3583
153.8802, -117.7037, 0.4340, -2.3583
152.9743, -118.5845, 0.4396, -2.3720
152.1558, -119.3193, 0.4438, -2.4149
151.4439, -119.8957, 0.4467, -2.4732
150.6319, -120.4861, 0.4493, -2.5474
149.6487, -121.1298, 0.4516, -2.6218
148.6032, -121.7587, 0.4532, -2.6653
147.6848, -122.2737, 0.4540, -2.6824
146.7827, -122.7523, 0.4542, -2.6903
145.6983, -123.3036, 0.4537, -2.6946
144.6103, -123.8408, 0.4525, -2.6964
143.1370, -124.5546, 0.4496, -2.6973
141.9832, -125.1082, 0.4464, -2.6975
141.1377, -125.5123, 0.4435, -2.6976
140.0495, -126.0288, 0.4411, -2.6976
138.8981, -126.5795, 0.4353, -2.6979
137.6371, -127.1793, 0.4273, -2.6981
136.5633, -127.6887, 0.4232, -2.6979
135.0674, -128.3997, 0.4112, -2.6977
133.9410, -128.9346, 0.4029, -2.6976
132.8148, -129.4696, 0.3949, -2.6976
131.7574, -129.9722, 0.3876, -2.6976
130.7044, -130.4726, 0.3800, -2.6976
129.7468, -130.9178, 0.3735, -2.7057
128.6279, -131.3939, 0.3661, -2.7454
127.4986, -131.7974, 0.3587, -2.8219
126.6351, -132.0393, 0.3531, -2.9009
125.8381, -132.2040, 0.3479, -2.9851
124.9168, -132.3174, 0.3418, -3.0909
123.8383, -132.3438, 0.3347, 3.0692
123.0484, -132.2925, 0.3295, 2.9893
122.0791, -132.1664, 0.3230, 2.9244
120.9087, -131.9459, 0.3153, 2.8945
120.1051, -131.7629, 0.3100, 2.8884
119.1769, -131.5337, 0.3039, 2.8862
118.4411, -131.3454, 0.2990, 2.8857
117.7180, -131.1577, 0.2943, 2.8856
116.9455, -130.9722, 0.2892, 2.8990
116.3425, -130.8632, 0.2853, 2.9340
115.4520, -130.7759, 0.2794, 3.0139
114.7325, -130.7484, 0.2746, 3.0698
114.1627, -130.7325, 0.2709, 3.0932
113.5501, -130.7106, 0.2668, 3.1006
112.9020, -130.6853, 0.2625, 3.1018
112.3373, -130.6631, 0.2588, 3.1020
111.7648, -130.6405, 0.2549, 3.1020
111.0213, -130.6111, 0.2499, 3.1020
110.5075, -130.5908, 0.2464, 3.1020
109.9400, -130.5683, 0.2426, 3.1020
109.3297, -130.5442, 0.2385, 3.1020
108.7874, -130.5227, 0.2349, 3.1020
108.0879, -130.4950, 0.2303, 3.1020
107.5300, -130.4730, 0.2266, 3.1020
106.7202, -130.4409, 0.2212, 3.1020
106.0767, -130.4155, 0.2170, 3.1020
105.4222, -130.3896, 0.2127, 3.1020
104.6415, -130.3587, 0.2075, 3.1020
103.9136, -130.3299, 0.2027, 3.1020
103.1136, -130.2982, 0.1974, 3.1020
102.2919, -130.2657, 0.1920, 3.1020
101.3672, -130.2291, 0.1859, 3.1020
100.5051, -130.1950, 0.1802, 3.1020
99.5745, -130.1582, 0.1741, 3.1020
98.7834, -130.1269, 0.1689, 3.1020
98.0072, -130.0962, 0.1638, 3.1020
97.0966, -130.0601, 0.1578, 3.1020
96.2561, -130.0269, 0.1523, 3.1020
95.2362, -129.9865, 0.1455, 3.1020
94.1994, -129.9455, 0.1387, 3.1020
93.2681, -129.9087, 0.1326, 3.1020
92.2163, -129.8822, 0.1257, 3.1153
91.3634, -129.8965, 0.1201, -3.1314
90.4162, -129.9602, 0.1138, -3.0709
89.2628, -130.0869, 0.1063, -3.0053
88.0344, -130.2553, 0.0986, -2.9705
87.1227, -130.3970, 0.0930, -2.9606
85.9941, -130.5885, 0.0862, -2.9555
84.7954, -130.8041, 0.0793, -2.9535
83.7460, -130.9985, 0.0734, -2.9528
82.7441, -131.1870, 0.0676, -2.9525
81.7249, -131.3696, 0.0620, -2.9618
80.5485, -131.5364, 0.0561, -3.0049
79.4070, -131.6410, 0.0505, -3.0702
78.2278, -131.7037, 0.0453, -3.1290
77.2432, -131.7335, 0.0414, 3.1256
76.1871, -131.7448, 0.0372, 3.1099
75.0007, -131.7348, 0.0325, 3.1013
73.4711, -131.6970, 0.0270, 3.0966
72.1517, -131.6506, 0.0227, 3.0950
71.0059, -131.6042, 0.0194, 3.0944
69.7814, -131.5510, 0.0165, 3.0940
68.2617, -131.5021, 0.0130, 3.1116
66.9729, -131.5044, 0.0101, -3.1278
65.6069, -131.5426, 0.0077, -3.0821
64.3536, -131.5984, 0.0057, -3.0584
63.0238, -131.6799, 0.0044, -3.0458
61.7655, -131.7756, 0.0035, -3.0398
60.7957, -131.8587, 0.0029, -3.0372
59.4520, -131.9702, 0.0021, -3.0473
58.0783, -132.0457, 0.0015, -3.0920
56.8121, -132.0611, 0.0011, 3.1237
55.2553, -132.0064, 0.0010, 3.0352
53.8033, -131.8925, 0.0012, 2.9732
52.4124, -131.7334, 0.0013, 2.9390
51.0968, -131.5378, 0.0014, 2.9203
50.0148, -131.3487, 0.0015, 2.9110
48.8428, -131.1205, 0.0015, 2.9048
47.4176, -130.8324, 0.0015, 2.9130
45.9494, -130.5672, 0.0016, 2.9600
44.4552, -130.3488, 0.0016, 3.0297
43.0758, -130.1863, 0.0017, 3.0834
41.7464, -130.0612, 0.0018, 3.1162
40.4427, -129.9702, 0.0018, 3.1354
39.1763, -129.9102, 0.0019, -3.1366
38.1213, -129.8785, 0.0020, -3.1308
36.9159, -129.8586, 0.0021, -3.1267
35.2769, -129.8530, 0.0021, -3.1235
34.1077, -129.8596, 0.0022, -3.1223
32.8475, -129.8735, 0.0022, -3.1215
31.7372, -129.8898, 0.0022, -3.1211
30.6729, -129.9079, 0.0023, -3.1208
29.7815, -129.9243, 0.0023, -3.1207
28.3810, -129.9516, 0.0023, -3.1205
27.2449, -129.9747, 0.0023, -3.1205
26.3952, -129.9922, 0.0024, -3.1204
25.4672, -130.0116, 0.0025, -3.1204
24.6095, -130.0295, 0.0025, -3.1204
23.8341, -130.0459, 0.0026, -3.1203
23.0819, -130.0618, 0.0027, -3.1203
22.3613, -130.0771, 0.0027, -3.1203
21.6215, -130.0928, 0.0027, -3.1203
21.0766, -130.1044, 0.0027, -3.1203
20.5216, -130.1162, 0.0027, -3.1203
19.9642, -130.1281, 0.0028, -3.1203
19.0738, -130.1471, 0.0028, -3.1203
18.3975, -130.1615, 0.0025, -3.1203
17.7983, -130.1742, 0.0024, -3.1203
